EXACT_CHANGE_NUMBER: 
COIN_VALUES: 31,25,9,4,1
1: 1
2: 1,1
3: 1,1,1
4: 4
5: 4,1
6: 4,1,1
7: 4,1,1,1
8: 4,4
9: 9
10: 9,1
11: 9,1,1
12: 4,4,4
13: 9,4
14: 9,4,1
15: 9,4,1,1
16: 4,4,4,4
17: 9,4,4
18: 9,9
19: 9,9,1
20: 9,9,1,1
21: 9,4,4,4
22: 9,9,4
23: 9,9,4,1
24: 9,9,4,1,1
25: 25
26: 25,1
27: 25,1,1
28: 25,1,1,1
29: 25,4
30: 25,4,1
31: 31
32: 31,1
33: 31,1,1
34: 25,9
35: 31,4
36: 31,4,1
37: 31,4,1,1
38: 25,9,4
39: 31,4,4
40: 31,9
41: 31,9,1
42: 31,9,1,1
43: 25,9,9
44: 31,9,4
45: 31,9,4,1
46: 31,9,4,1,1
47: 25,9,9,4
48: 31,9,4,4
49: 31,9,9
50: 25,25
51: 25,25,1
52: 25,25,1,1
53: 31,9,9,4
54: 25,25,4
55: 25,25,4,1
56: 31,25
57: 31,25,1
58: 31,25,1,1
59: 25,25,9
60: 31,25,4
61: 31,25,4,1
62: 31,31
63: 31,31,1
64: 31,31,1,1
65: 31,25,9
66: 31,31,4
67: 31,31,4,1
68: 25,25,9,9
69: 31,25,9,4
70: 31,31,4,4
71: 31,31,9
72: 31,31,9,1
73: 31,31,9,1,1
74: 31,25,9,9
75: 25,25,25
76: 25,25,25,1
77: 25,25,25,1,1
78: 31,25,9,9,4
79: 25,25,25,4
80: 31,31,9,9
81: 31,25,25
82: 31,25,25,1
83: 31,25,25,1,1
84: 25,25,25,9
85: 31,25,25,4
86: 31,25,25,4,1
87: 31,31,25
88: 31,31,25,1
89: 31,31,25,1,1
90: 31,25,25,9
91: 31,31,25,4
92: 31,31,25,4,1
93: 31,31,31
94: 31,31,31,1
95: 31,31,31,1,1
96: 31,31,25,9
97: 31,31,31,4
98: 31,31,31,4,1
99: 31,25,25,9,9
EXCHANGE_NUMBER: 
COIN_VALUES: 31,25,11,4,1
1: 1;
2: 1,1;
3: 4;1
4: 4;
5: 4,1;
6: 31;25
7: 11;4
8: 4,4;
9: 4,4,1;
10: 11;1
11: 11;
12: 11,1;
13: ;31,31,25
14: 25;11
15: 11,4;
16: 11,4,1;
17: 25;4,4
18: 11,11;4
19: ;31,25,25
20: 31;11
21: 25;4
22: 11,11;
23: 11,11,1;
24: 25;1
25: 25;
26: 25,1;
27: 31;4
28: 25,4;1
29: 25,4;
30: 31;1
31: 31;
32: 31,1;
33: ;31,25,11
34: ;31,31,4
35: 31,4;
36: 25,11;
37: ;31,31,1
38: ;31,31
39: ;25,25,11
40: ;31,25,4
41: 31,11;1
42: 31,11;
43: ;31,25,1
44: ;31,25
45: 1;31,25
46: ;25,25,4
47: ;31,11,11
48: 4;31,25
49: ;25,25,1
50: ;25,25
51: 1;25,25
52: 31,25;4
53: ;25,11,11
54: ;31,11,4
55: 11;31,25
56: 31,25;
57: ;31,11,1
58: ;31,11
59: 1;31,11
60: ;25,11,4
61: ;31,4,4
62: 31,31;
63: ;25,11,1
64: ;25,11
65: ;31,4
66: 1;31,4
67: ;31,1,1
68: ;31,1
69: ;31
70: 1;31
71: ;25,4
72: 1;25,4
73: 4;31
74: ;25,1
75: ;25
76: 1;25
77: ;11,11,1
78: ;11,11
79: 4;25
80: 11;31
81: ;11,4,4
82: 4;11,11
83: 4,4;25
84: ;11,4,1
85: ;11,4
86: 11;25
87: ;11,1,1
88: ;11,1
89: ;11
90: 1;11
91: ;4,4,1
92: ;4,4
93: 4;11
94: 25;31
95: ;4,1
96: ;4
97: 1;4
98: ;1,1
99: ;1
