EXACT_CHANGE_NUMBER: 
COIN_VALUES: 40,25,7,5,1
1: 1
2: 1,1
3: 1,1,1
4: 1,1,1,1
5: 5
6: 5,1
7: 7
8: 7,1
9: 7,1,1
10: 5,5
11: 5,5,1
12: 7,5
13: 7,5,1
14: 7,7
15: 7,7,1
16: 7,7,1,1
17: 7,5,5
18: 7,5,5,1
19: 7,7,5
20: 7,7,5,1
21: 7,7,7
22: 7,7,7,1
23: 7,7,7,1,1
24: 7,7,5,5
25: 25
26: 25,1
27: 25,1,1
28: 25,1,1,1
29: 25,1,1,1,1
30: 25,5
31: 25,5,1
32: 25,7
33: 25,7,1
34: 25,7,1,1
35: 25,5,5
36: 25,5,5,1
37: 25,7,5
38: 25,7,5,1
39: 25,7,7
40: 40
41: 40,1
42: 40,1,1
43: 40,1,1,1
44: 25,7,7,5
45: 40,5
46: 40,5,1
47: 40,7
48: 40,7,1
49: 40,7,1,1
50: 25,25
51: 25,25,1
52: 40,7,5
53: 40,7,5,1
54: 40,7,7
55: 25,25,5
56: 25,25,5,1
57: 25,25,7
58: 25,25,7,1
59: 40,7,7,5
60: 25,25,5,5
61: 40,7,7,7
62: 25,25,7,5
63: 25,25,7,5,1
64: 25,25,7,7
65: 40,25
66: 40,25,1
67: 40,25,1,1
68: 40,25,1,1,1
69: 25,25,7,7,5
70: 40,25,5
71: 40,25,5,1
72: 40,25,7
73: 40,25,7,1
74: 40,25,7,1,1
75: 25,25,25
76: 25,25,25,1
77: 40,25,7,5
78: 40,25,7,5,1
79: 40,25,7,7
80: 40,40
81: 40,40,1
82: 40,40,1,1
83: 40,40,1,1,1
84: 40,25,7,7,5
85: 40,40,5
86: 40,40,5,1
87: 40,40,7
88: 40,40,7,1
89: 40,40,7,1,1
90: 40,25,25
91: 40,25,25,1
92: 40,40,7,5
93: 40,40,7,5,1
94: 40,40,7,7
95: 40,25,25,5
96: 40,25,25,5,1
97: 40,25,25,7
98: 40,25,25,7,1
99: 40,40,7,7,5

 EXCHANGE_NUMBER: 
COIN_VALUES: 41,25,10,4,1
1: 1;
2: 1,1;
3: 4;1
4: 4;
5: 4,1;
6: 10;4
7: 4,4;1
8: 4,4;
9: 10;1
10: 10;
11: 10,1;
12: 10,1,1;
13: 10,4;1
14: 10,4;
15: 25;10
16: 41;25
17: 100;41,41,1
18: 100;41,41
19: 100,1;41,41
20: 10,10;
21: 25;4
22: 100,4;41,41
23: 25;1,1
24: 25;1
25: 25;
26: 25,1;
27: 25,1,1;
28: 100,10;41,41
29: 25,4;
30: 100;41,25,4
31: 41;10
32: 41,1;10
33: 100;41,25,1
34: 100;41,25
35: 25,10;
36: 25,10,1;
37: 41;4
38: 100,4;41,25
39: 100;41,10,10
40: 41;1
41: 41;
42: 41,1;
43: 100,25;41,41
44: 100,10;41,25
45: 41,4;
46: 100;25,25,4
47: 41,10;4
48: 100;41,10,1
49: 100;41,10
50: 100;25,25
51: 41,10;
52: 41,10,1;
53: 100,4;41,10
54: 100;41,4,1
55: 100;41,4
56: 100,1;41,4
57: 100;41,1,1
58: 100;41,1
59: 100;41
60: 100,1;41
61: 100;25,10,4
62: 100,4;41,1
63: 100,4;41
64: 100;25,10,1
65: 100;25,10
66: 41,25;
67: 100;25,4,4
68: 100,10;41,1
69: 100,10;41
70: 100;25,4,1
71: 100;25,4
72: 100,1;25,4
73: 100;25,1,1
74: 100;25,1
75: 100;25
76: 100,1;25
77: 100,100;41,41,41
78: 100,4;25,1
79: 100,4;25
80: 100;10,10
81: 100,1;10,10
82: 41,41;
83: 100,4,4;25
84: 100,25;41
85: 100,10;25
86: 100;10,4
87: 100,1;10,4
88: 100;10,1,1
89: 100;10,1
90: 100;10
91: 100,1;10
92: 100;4,4
93: 100,100;41,41,25
94: 100,4;10
95: 100;4,1
96: 100;4
97: 100,1;4
98: 100;1,1
99: 100;1
